payment_number	principal	interest	balance	principal_formatted	balance_formatted	interest_formatted
1	1009.7686	1562.5	298990.2314	$1,009.77	$298,990.23	$1,562.50
2	1015.027811	1557.240789	297975.2036	$1,015.03	$297,975.20	$1,557.24
3	1020.314414	1551.954185	296954.8892	$1,020.31	$296,954.89	$1,551.95
4	1025.628552	1546.640048	295929.2606	$1,025.63	$295,929.26	$1,546.64
5	1030.970367	1541.298232	294898.2903	$1,030.97	$294,898.29	$1,541.30
6	1036.340004	1535.928595	293861.9503	$1,036.34	$293,861.95	$1,535.93
7	1041.737609	1530.530991	292820.2126	$1,041.74	$292,820.21	$1,530.53
8	1047.163325	1525.105274	291773.0493	$1,047.16	$291,773.05	$1,525.11
9	1052.617301	1519.651299	290720.432	$1,052.62	$290,720.43	$1,519.65
10	1058.099683	1514.168917	289662.3323	$1,058.10	$289,662.33	$1,514.17
11	1063.610619	1508.657981	288598.7217	$1,063.61	$288,598.72	$1,508.66
12	1069.150257	1503.118342	287529.5715	$1,069.15	$287,529.57	$1,503.12
13	1074.718748	1497.549851	286454.8527	$1,074.72	$286,454.85	$1,497.55
14	1080.316242	1491.952358	285374.5365	$1,080.32	$285,374.54	$1,491.95
15	1085.942889	1486.325711	284288.5936	$1,085.94	$284,288.59	$1,486.33
16	1091.598841	1480.669758	283196.9947	$1,091.60	$283,196.99	$1,480.67
17	1097.284252	1474.984348	282099.7105	$1,097.28	$282,099.71	$1,474.98
18	1102.999274	1469.269325	280996.7112	$1,103.00	$280,996.71	$1,469.27
19	1108.744062	1463.524538	279887.9672	$1,108.74	$279,887.97	$1,463.52
20	1114.518771	1457.749829	278773.4484	$1,114.52	$278,773.45	$1,457.75
21	1120.323556	1451.945044	277653.1248	$1,120.32	$277,653.12	$1,451.95
22	1126.158574	1446.110025	276526.9663	$1,126.16	$276,526.97	$1,446.11
23	1132.023984	1440.244616	275394.9423	$1,132.02	$275,394.94	$1,440.24
24	1137.919942	1434.348658	274257.0223	$1,137.92	$274,257.02	$1,434.35
25	1143.846608	1428.421991	273113.1757	$1,143.85	$273,113.18	$1,428.42
26	1149.804143	1422.464457	271963.3716	$1,149.80	$271,963.37	$1,422.46
27	1155.792706	1416.475894	270807.5789	$1,155.79	$270,807.58	$1,416.48
28	1161.81246	1410.45614	269645.7664	$1,161.81	$269,645.77	$1,410.46
29	1167.863566	1404.405033	268477.9028	$1,167.86	$268,477.90	$1,404.41
30	1173.946189	1398.322411	267303.9567	$1,173.95	$267,303.96	$1,398.32
31	1180.060492	1392.208108	266123.8962	$1,180.06	$266,123.90	$1,392.21
32	1186.20664	1386.061959	264937.6895	$1,186.21	$264,937.69	$1,386.06
33	1192.3848	1379.8838	263745.3047	$1,192.38	$263,745.30	$1,379.88
34	1198.595137	1373.673462	262546.7096	$1,198.60	$262,546.71	$1,373.67
35	1204.83782	1367.430779	261341.8718	$1,204.84	$261,341.87	$1,367.43
36	1211.113017	1361.155582	260130.7587	$1,211.11	$260,130.76	$1,361.16
37	1217.420898	1354.847702	258913.3378	$1,217.42	$258,913.34	$1,354.85
38	1223.761632	1348.506968	257689.5762	$1,223.76	$257,689.58	$1,348.51
39	1230.13539	1342.133209	256459.4408	$1,230.14	$256,459.44	$1,342.13
40	1236.542345	1335.726254	255222.8985	$1,236.54	$255,222.90	$1,335.73
41	1242.98267	1329.28593	253979.9158	$1,242.98	$253,979.92	$1,329.29
42	1249.456538	1322.812062	252730.4593	$1,249.46	$252,730.46	$1,322.81
43	1255.964124	1316.304475	251474.4951	$1,255.96	$251,474.50	$1,316.30
44	1262.505604	1309.762996	250211.9895	$1,262.51	$250,211.99	$1,309.76
45	1269.081154	1303.187446	248942.9084	$1,269.08	$248,942.91	$1,303.19
46	1275.690952	1296.577648	247667.2174	$1,275.69	$247,667.22	$1,296.58
47	1282.335175	1289.933424	246384.8823	$1,282.34	$246,384.88	$1,289.93
48	1289.014004	1283.254595	245095.8683	$1,289.01	$245,095.87	$1,283.25
49	1295.727619	1276.540981	243800.1406	$1,295.73	$243,800.14	$1,276.54
50	1302.4762	1269.792399	242497.6644	$1,302.48	$242,497.66	$1,269.79
51	1309.259931	1263.008669	241188.4045	$1,309.26	$241,188.40	$1,263.01
52	1316.078993	1256.189607	239872.3255	$1,316.08	$239,872.33	$1,256.19
53	1322.933571	1249.335029	238549.3919	$1,322.93	$238,549.39	$1,249.34
54	1329.82385	1242.44475	237219.5681	$1,329.82	$237,219.57	$1,242.44
55	1336.750016	1235.518584	235882.8181	$1,336.75	$235,882.82	$1,235.52
56	1343.712255	1228.556344	234539.1058	$1,343.71	$234,539.11	$1,228.56
57	1350.710757	1221.557843	233188.3951	$1,350.71	$233,188.40	$1,221.56
58	1357.745709	1214.522891	231830.6494	$1,357.75	$231,830.65	$1,214.52
59	1364.817301	1207.451299	230465.8321	$1,364.82	$230,465.83	$1,207.45
60	1371.925724	1200.342875	229093.9063	$1,371.93	$229,093.91	$1,200.34
61	1379.071171	1193.197429	227714.8352	$1,379.07	$227,714.84	$1,193.20
62	1386.253833	1186.014766	226328.5813	$1,386.25	$226,328.58	$1,186.01
63	1393.473905	1178.794694	224935.1074	$1,393.47	$224,935.11	$1,178.79
64	1400.731582	1171.537018	223534.3758	$1,400.73	$223,534.38	$1,171.54
65	1408.027059	1164.241541	222126.3488	$1,408.03	$222,126.35	$1,164.24
66	1415.360533	1156.908067	220710.9883	$1,415.36	$220,710.99	$1,156.91
67	1422.732202	1149.536397	219288.2561	$1,422.73	$219,288.26	$1,149.54
68	1430.142266	1142.126334	217858.1138	$1,430.14	$217,858.11	$1,142.13
69	1437.590924	1134.677676	216420.5229	$1,437.59	$216,420.52	$1,134.68
70	1445.078376	1127.190223	214975.4445	$1,445.08	$214,975.44	$1,127.19
71	1452.604826	1119.663773	213522.8397	$1,452.60	$213,522.84	$1,119.66
72	1460.170476	1112.098123	212062.6692	$1,460.17	$212,062.67	$1,112.10
73	1467.775531	1104.493069	210594.8937	$1,467.78	$210,594.89	$1,104.49
74	1475.420195	1096.848404	209119.4735	$1,475.42	$209,119.47	$1,096.85
75	1483.104675	1089.163924	207636.3688	$1,483.10	$207,636.37	$1,089.16
76	1490.829179	1081.439421	206145.5396	$1,490.83	$206,145.54	$1,081.44
77	1498.593914	1073.674685	204646.9457	$1,498.59	$204,646.95	$1,073.67
78	1506.399091	1065.869509	203140.5466	$1,506.40	$203,140.55	$1,065.87
79	1514.244919	1058.02368	201626.3017	$1,514.24	$201,626.30	$1,058.02
80	1522.131612	1050.136988	200104.1701	$1,522.13	$200,104.17	$1,050.14
81	1530.05938	1042.209219	198574.1107	$1,530.06	$198,574.11	$1,042.21
82	1538.02844	1034.24016	197036.0822	$1,538.03	$197,036.08	$1,034.24
83	1546.039004	1026.229595	195490.0432	$1,546.04	$195,490.04	$1,026.23
84	1554.091291	1018.177309	193935.952	$1,554.09	$193,935.95	$1,018.18
85	1562.185516	1010.083083	192373.7664	$1,562.19	$192,373.77	$1,010.08
86	1570.321899	1001.9467	190803.4445	$1,570.32	$190,803.44	$1,001.95
87	1578.500659	993.7679403	189224.9439	$1,578.50	$189,224.94	$993.77
88	1586.722017	985.5465827	187638.2219	$1,586.72	$187,638.22	$985.55
89	1594.986194	977.2824055	186043.2357	$1,594.99	$186,043.24	$977.28
90	1603.293414	968.9751858	184439.9423	$1,603.29	$184,439.94	$968.98
91	1611.6439	960.6246992	182828.2984	$1,611.64	$182,828.30	$960.62
92	1620.037879	952.2307206	181208.2605	$1,620.04	$181,208.26	$952.23
93	1628.475576	943.7930233	179579.7849	$1,628.48	$179,579.78	$943.79
94	1636.95722	935.3113797	177942.8277	$1,636.96	$177,942.83	$935.31
95	1645.483039	926.7855608	176297.3446	$1,645.48	$176,297.34	$926.79
96	1654.053263	918.2153367	174643.2914	$1,654.05	$174,643.29	$918.22
97	1662.668124	909.6004759	172980.6233	$1,662.67	$172,980.62	$909.60
98	1671.327853	900.9407461	171309.2954	$1,671.33	$171,309.30	$900.94
99	1680.032686	892.2359135	169629.2627	$1,680.03	$169,629.26	$892.24
100	1688.782856	883.4857433	167940.4799	$1,688.78	$167,940.48	$883.49
101	1697.5786	874.6899993	166242.9013	$1,697.58	$166,242.90	$874.69
102	1706.420155	865.848444	164536.4811	$1,706.42	$164,536.48	$865.85
103	1715.30776	856.9608391	162821.1733	$1,715.31	$162,821.17	$856.96
104	1724.241655	848.0269445	161096.9317	$1,724.24	$161,096.93	$848.03
105	1733.22208	839.0465192	159363.7096	$1,733.22	$159,363.71	$839.05
106	1742.249279	830.0193209	157621.4603	$1,742.25	$157,621.46	$830.02
107	1751.323494	820.9451059	155870.1368	$1,751.32	$155,870.14	$820.95
108	1760.44497	811.8236293	154109.6919	$1,760.44	$154,109.69	$811.82
109	1769.613954	802.6546451	152340.0779	$1,769.61	$152,340.08	$802.65
110	1778.830694	793.4379058	150561.2472	$1,778.83	$150,561.25	$793.44
111	1788.095437	784.1731626	148773.1518	$1,788.10	$148,773.15	$784.17
112	1797.408434	774.8601655	146975.7433	$1,797.41	$146,975.74	$774.86
113	1806.769936	765.4986633	145168.9734	$1,806.77	$145,168.97	$765.50
114	1816.180196	756.0884032	143352.7932	$1,816.18	$143,352.79	$756.09
115	1825.639468	746.6291313	141527.1537	$1,825.64	$141,527.15	$746.63
116	1835.148007	737.1205924	139692.0057	$1,835.15	$139,692.01	$737.12
117	1844.70607	727.5625299	137847.2997	$1,844.71	$137,847.30	$727.56
118	1854.313914	717.9546858	135992.9858	$1,854.31	$135,992.99	$717.95
119	1863.971799	708.2968008	134129.014	$1,863.97	$134,129.01	$708.30
120	1873.679985	698.5886143	132255.334	$1,873.68	$132,255.33	$698.59
121	1883.438735	688.8298644	130371.8952	$1,883.44	$130,371.90	$688.83
122	1893.248312	679.0202877	128478.6469	$1,893.25	$128,478.65	$679.02
123	1903.10898	669.1596194	126575.5379	$1,903.11	$126,575.54	$669.16
124	1913.021006	659.2475935	124662.5169	$1,913.02	$124,662.52	$659.25
125	1922.984657	649.2839424	122739.5323	$1,922.98	$122,739.53	$649.28
126	1933.000202	639.2683973	120806.5321	$1,933.00	$120,806.53	$639.27
127	1943.067912	629.2006879	118863.4642	$1,943.07	$118,863.46	$629.20
128	1953.188057	619.0805425	116910.2761	$1,953.19	$116,910.28	$619.08
129	1963.360911	608.9076881	114946.9152	$1,963.36	$114,946.92	$608.91
130	1973.58675	598.68185	112973.3284	$1,973.59	$112,973.33	$598.68
131	1983.865847	588.4027523	110989.4626	$1,983.87	$110,989.46	$588.40
132	1994.198482	578.0701177	108995.2641	$1,994.20	$108,995.26	$578.07
133	2004.584932	567.6836673	106990.6792	$2,004.58	$106,990.68	$567.68
134	2015.025479	557.2431208	104975.6537	$2,015.03	$104,975.65	$557.24
135	2025.520403	546.7481964	102950.1333	$2,025.52	$102,950.13	$546.75
136	2036.069989	536.198611	100914.0633	$2,036.07	$100,914.06	$536.20
137	2046.67452	525.5940798	98867.3888	$2,046.67	$98,867.39	$525.59
138	2057.334283	514.9343166	96810.05451	$2,057.33	$96,810.05	$514.93
139	2068.049566	504.2190339	94742.00495	$2,068.05	$94,742.00	$504.22
140	2078.820657	493.4479424	92663.18429	$2,078.82	$92,663.18	$493.45
141	2089.647848	482.6207515	90573.53644	$2,089.65	$90,573.54	$482.62
142	2100.531431	471.737169	88473.00501	$2,100.53	$88,473.01	$471.74
143	2111.471698	460.7969011	86361.53331	$2,111.47	$86,361.53	$460.80
144	2122.468947	449.7996527	84239.06437	$2,122.47	$84,239.06	$449.80
145	2133.523473	438.7451269	82105.54089	$2,133.52	$82,105.54	$438.75
146	2144.635574	427.6330255	79960.90532	$2,144.64	$79,960.91	$427.63
147	2155.805551	416.4630485	77805.09977	$2,155.81	$77,805.10	$416.46
148	2167.033705	405.2348946	75638.06606	$2,167.03	$75,638.07	$405.23
149	2178.320339	393.9482608	73459.74573	$2,178.32	$73,459.75	$393.95
150	2189.665757	382.6028423	71270.07997	$2,189.67	$71,270.08	$382.60
151	2201.070266	371.1983332	69069.0097	$2,201.07	$69,069.01	$371.20
152	2212.534174	359.7344255	66856.47553	$2,212.53	$66,856.48	$359.73
153	2224.057789	348.21081	64632.41774	$2,224.06	$64,632.42	$348.21
154	2235.641424	336.6271757	62396.77632	$2,235.64	$62,396.78	$336.63
155	2247.28539	324.98321	60149.49093	$2,247.29	$60,149.49	$324.98
156	2258.990001	313.2785986	57890.50093	$2,258.99	$57,890.50	$313.28
157	2270.755574	301.5130257	55619.74535	$2,270.76	$55,619.75	$301.51
158	2282.582426	289.6861737	53337.16293	$2,282.58	$53,337.16	$289.69
159	2294.470876	277.7977236	51042.69205	$2,294.47	$51,042.69	$277.80
160	2306.421245	265.8473544	48736.2708	$2,306.42	$48,736.27	$265.85
161	2318.433856	253.8347438	46417.83695	$2,318.43	$46,417.84	$253.83
162	2330.509032	241.7595674	44087.32792	$2,330.51	$44,087.33	$241.76
163	2342.6471	229.6214996	41744.68082	$2,342.65	$41,744.68	$229.62
164	2354.848387	217.4202126	39389.83243	$2,354.85	$39,389.83	$217.42
165	2367.113222	205.1553772	37022.71921	$2,367.11	$37,022.72	$205.16
166	2379.441937	192.8266625	34643.27727	$2,379.44	$34,643.28	$192.83
167	2391.834864	180.4337358	32251.44241	$2,391.83	$32,251.44	$180.43
168	2404.292337	167.9762625	29847.15007	$2,404.29	$29,847.15	$167.98
169	2416.814693	155.4539066	27430.33538	$2,416.81	$27,430.34	$155.45
170	2429.402269	142.8663301	25000.93311	$2,429.40	$25,000.93	$142.87
171	2442.055406	130.2131933	22558.8777	$2,442.06	$22,558.88	$130.21
172	2454.774445	117.4941547	20104.10326	$2,454.77	$20,104.10	$117.49
173	2467.559728	104.7088711	17636.54353	$2,467.56	$17,636.54	$104.71
174	2480.411602	91.85699754	15156.13193	$2,480.41	$15,156.13	$91.86
175	2493.330412	78.93818712	12662.80151	$2,493.33	$12,662.80	$78.94
176	2506.316508	65.95209122	10156.48501	$2,506.32	$10,156.49	$65.95
177	2519.37024	52.8983594	7637.114765	$2,519.37	$7,637.11	$52.90
178	2532.49196	39.7766394	5104.622805	$2,532.49	$5,104.62	$39.78
179	2545.682022	26.58657711	2558.940783	$2,545.68	$2,558.94	$26.59
180	2558.940783	13.32781658	4.75E-23	$2,558.94	$0.00	$13.33
	300000			$299,999.95		